3 493 1 0 100
538 266.5

8
0 260 4 -10 411.5
0 1 1 110 446.5
0 2 1 -106 446.5
0 9 0 -4 591.5
0 10 1 700 591.5
1 135 0 -10 276.5
3 135 4 -10 141.5
3 3 0 -214 196.5
3 4 1 982 176.5
3 6 1 716 176.5
3 2 1 464 176.5
0 260 6 -10 -118.5
0 7 0 896 61.5
0 9 1 -118 -83.5
0 3 1 998 -83.5
0 2 0 284 61.5
0 0 0 524 61.5
0 10 1 700 61.5
3 135 5 -10 -253.5
3 6 0 -249 -198.5
3 4 1 996 -218.5
3 6 0 290 -198.5
3 2 1 485 -218.5
3 1 1 226 -218.5
0 260 4 -10 -513.5
0 8 0 -76 -333
0 3 0 212 -333
0 7 0 464 -333
0 2 1 326 -478
2 135 1 -10 -648.5
2 1 1 1293 -650
2 135 1 -10 -783.5
2 0 1 1449 -785.5
